0.0040999999999999995
0.005747222222222223
0.007191666666666666
0.015954545454545457
0.0036999999999999993
0.022733333333333335
0.0035250000000000004
0.01
0.003666666666666666
0.0036
0.06732500000000002
0.0030125
0.00211111111111111
0.0211
0.004690277777777778
0.012466666666666664
0.02403333333333333
0.08332795454545462
0.08720000000000004
0.17985972222222227
0.0305625
0.0726090909090909
0.0035250000000000004
0.006044444444444444
0.009012499999999998
0.0022875
0.004200000000000001
0.0018
0.012355555555555557
0.0149
0.002666666666666667
0.0030166666666666666
0.006633333333333333
0.003666666666666666
0.004324999999999999
0.0019625
0.007670833333333333
0.0006625000000000001
0.009966666666666667
0.0171625
0.008133333333333334
0.03013333333333333
0.013711111111111108
0.0026625
0.005533333333333333
0.012031818181818185
0.03136666666666665
0.0058625
0.010566666666666669
0.004508333333333333
0.005762499999999999
0.013891666666666667
0.0011000000000000003
0.006666666666666666
0.0062
0.0024875
0.028066666666666663
0.0069
0.14865833333333317
0.0053166666666666675
0.003036363636363636
0.016166666666666666
0.006620833333333334
0.008666666666666666
0.0009965909090909092
0.008512500000000001
0.022372727272727273
0.017358333333333333
0.0017625
0.0026499999999999996
0.0077232142857142855
0.005283333333333334
0.005833333333333334
0.17407722222222227
0.0042
0.0389263888888889
0.006779166666666669
0.007216666666666666
0.017708333333333333
0.006903333333333333
0.046700000000000005
0.003270833333333334
0.004055555555555555
0.012763636363636366
0.010570833333333342
0.03147777777777778
0.02587777777777778
0.01695909090909091
0.00715
0.006158333333333333
0.030850000000000002
0.0194
0.006249999999999999
0.009722222222222224
0.0025125
0.02558818181818182
0.0028374999999999997
0.00105
0.002679166666666667
0.01281111111111111
